1.036758184432983398e+00 -4.550330637809075086e-04 -1.940390761398485663e-03 3.199141348080830182e-03 2.356054240968506654e-03 3.039007040038039977e-03 -4.692003307635132792e-03 -9.788708614410524325e-03 -3.405405361289757030e-03 -8.050191715857676900e-03 1.009204561930841142e-03 -5.921842973560532616e-03 -3.307423593583394984e-03 -4.979264709723009268e-03 -5.170501671753873971e-03 -2.992208241200252587e-03 -1.129259854162063858e-03 -4.658873203667592347e-03 -3.635071529560985259e-04 -6.896268501413291199e-04 -1.354997588917553541e-03 -1.454883658658418302e-02 -1.254748055674297091e-02 -1.289021739929851768e-03 4.327656181800756995e-04 -3.081762430536210025e-03 3.176754031991767691e-03 -3.546702794566694659e-03 -2.981001098092237508e-03 -5.534161704288383804e-03 5.362168396894902389e-05 -2.945315633225184960e-03 6.219991981382563774e-04 -1.370630412599602773e-03 -1.646104766945082065e-02 -2.446934047223369574e-02 -2.185039011092592895e-02 -2.596198456006666710e-02 -2.172343632926196713e-02
-4.550330637809075086e-04 1.059327363967895508e+00 1.837275757700154114e-03 -1.544864468498441390e-03 -1.730813643983667273e-03 -1.019800773032319540e-03 -6.351796985319545404e-03 1.001659539923968091e-02 2.263040136126814265e-03 3.729766870034869914e-03 -2.264593474726467673e-02 -1.141764518352369334e-02 -8.545100581406518334e-03 -1.482117389302216141e-02 -1.519903146943833369e-02 -1.728838047004831874e-02 -3.016021221653130118e-03 -1.121171817964044561e-02 -4.562612364584633928e-03 -1.620033331512185301e-02 -2.240236307468227925e-02 9.181728786827216340e-03 2.660242094741525117e-03 -2.218419304029260047e-02 -4.948857885010710632e-03 -1.091869595843219555e-02 -1.797547236277749483e-02 -1.042907323776908965e-02 -1.375262473275652968e-03 -1.108472499813882746e-02 -9.929759095133572702e-03 -2.566940136562088567e-02 -2.575820672351850776e-02 -1.678067040962622977e-02 9.071033066745276888e-03 2.430909711106881907e-03 5.695636779425750085e-03 2.146281296979616129e-03 3.319688434714243661e-03
-1.940390761398485663e-03 1.837275757700154114e-03 1.068260312080383301e+00 -6.308931369085070927e-03 -7.904989242718610254e-03 -6.299505896016848773e-03 -8.133139044916414939e-04 4.992626601809781184e-02 1.623353236880529377e-02 3.298015193778158077e-02 -6.800950819396547886e-02 -1.854529157681002183e-02 -1.806290810727082322e-02 -3.043245336860356601e-02 -3.453058057799637121e-02 -4.035730999822288029e-02 -5.365899069023112242e-03 -2.443216391112957436e-02 -1.799550061358680397e-02 -4.443507687246039950e-02 -5.666768330755708738e-02 6.107358328690406374e-02 4.050468790525547230e-02 -5.995494684849329153e-02 -1.846046560251582425e-02 -2.342264063265482588e-02 -5.368404242034178347e-02 -2.092242824876802340e-02 1.181803876351151736e-03 -1.940501104396211499e-02 -2.931135537843056194e-02 -7.125027617410015224e-02 -7.013781988165339321e-02 -4.745219636458823664e-02 7.521006492492866846e-02 7.298136245088904239e-02 7.475635890865602040e-02 7.410343230372426482e-02 7.406620133332052214e-02
3.199141348080830182e-03 -1.544864468498441390e-03 -6.308931369085070927e-03 1.029118180274963379e+00 6.594106925005523319e-03 5.808843770112678655e-03 -4.197851950869828028e-03 -3.336259302864525572e-02 -1.376732485909117065e-02 -2.341897457156991852e-02 2.774077090697976006e-02 3.021114178346779710e-04 4.102597214784200336e-03 7.383098993105253680e-03 8.778535238614422129e-03 1.149726381260746805e-02 -1.548397906915519647e-03 4.178918921738264056e-03 6.089901104906533108e-03 1.559742949455336647e-02 1.784745290931403008e-02 -4.620161174604470872e-02 -3.465088141564442309e-02 2.344243060825544275e-02 5.874186993730847600e-03 6.229487694042324178e-03 2.287206542504394841e-02 4.166352718753902652e-03 -1.681632210320386069e-03 -9.115526506034404147e-04 1.340445235426412744e-02 2.471157442651847683e-02 2.904750029418545418e-02 1.669447106956225071e-02 -5.586134499188288166e-02 -6.328225563395163678e-02 -6.020735721799021917e-02 -6.574897815582943228e-02 -6.197900656573904210e-02
2.356054240968506654e-03 -1.730813643983667273e-03 -7.904989242718610254e-03 6.594106925005523319e-03 1.053473353385925293e+00 5.731282844455144569e-03 -8.209711339528438095e-03 -4.017075364309660723e-02 -1.656805575234628070e-02 -3.015072389134110242e-02 3.001888077744209807e-02 -2.240998975754315576e-03 1.295438167658391829e-03 8.277672307122410644e-03 6.630200928665430302e-03 1.066795914394434198e-02 -1.228436750277374801e-03 4.466827137827686367e-03 6.150342801101814708e-03 1.750072683319564559e-02 1.553399294165041557e-02 -5.357953153668072038e-02 -4.116135186621646541e-02 2.362146159438910376e-02 6.801010951053543772e-03 5.958524222419813235e-03 2.332473015989279530e-02 2.411475975705084599e-03 -4.961993509458362261e-03 -3.770147482222793115e-03 1.453336652175531499e-02 2.720322203617160303e-02 2.991217851233417616e-02 1.845142240168201955e-02 -6.438786010701146034e-02 -7.559713643480850398e-02 -7.123710537122601716e-02 -7.881812194407354644e-02 -7.315938217452282177e-02
3.039007040038039977e-03 -1.019800773032319540e-03 -6.299505896016848773e-03 5.808843770112678655e-03 5.731282844455144569e-03 1.045776128768920898e+00 -6.663501765262821487e-03 -3.967831571022372578e-02 -1.635817844569216473e-02 -2.859374549716140954e-02 3.009543466201093295e-02 -1.544430483977099131e-03 9.883925357795555339e-04 7.765432203461061431e-03 8.447472474147703012e-03 1.063388672719282196e-02 -1.181753453939863793e-03 3.909826473358805204e-03 7.074989448348239021e-03 1.558707765625450339e-02 1.965088104040787348e-02 -5.330938373550686560e-02 -3.900057471229863293e-02 2.381989981484327820e-02 6.654884457912267799e-03 5.010320224619600228e-03 2.565125492610541638e-02 5.983054373727197429e-03 -4.125194897863612882e-03 -1.747729659402287280e-03 1.505865360022958475e-02 2.779598508900010465e-02 3.041763340109605168e-02 1.778683719716909681e-02 -6.234365769180891942e-02 -7.485781536680723158e-02 -7.084686686487161322e-02 -7.621449811961460152e-02 -7.242546451282888542e-02
-4.692003307635132792e-03 -6.351796985319545404e-03 -8.133139044916414939e-04 -4.197851950869828028e-03 -8.209711339528438095e-03 -6.663501765262821487e-03 1.057943582534790039e+00 1.525526910914640558e-02 3.780195847962555724e-03 5.535075405285492210e-03 -2.606825155077761164e-02 -1.162674856479524628e-02 -9.644395451892873866e-03 -1.334993423604240170e-02 -1.445736892537055444e-02 -1.665223819595873164e-02 -9.100694577861884529e-03 -9.676126392577881832e-03 -1.075405154159181885e-02 -1.302529645938799857e-02 -2.550353930617861586e-02 1.169688871864823544e-02 6.557164417698916996e-03 -2.357449135935293580e-02 -1.030006315981594860e-02 -1.241682975697879984e-02 -2.172607799456777525e-02 -1.147158074700291124e-02 -6.207883449726708108e-03 -9.009023350820356824e-03 -1.410837735858685299e-02 -2.093470974102074056e-02 -2.517347373284118187e-02 -2.071745340762816759e-02 1.199156291876398925e-02 5.847930285251822478e-03 9.332048548404914268e-03 5.410349121586248075e-03 7.987711078063610901e-03
-9.788708614410524325e-03 1.001659539923968091e-02 4.992626601809781184e-02 -3.336259302864525572e-02 -4.017075364309660723e-02 -3.967831571022372578e-02 1.525526910914640558e-02 1.203162312507629395e+00 9.615666215982555942e-02 1.725868087242197479e-01 -2.836073560772711111e-01 -5.983532143663365666e-02 -6.975779531416605173e-02 -1.173882065253936124e-01 -1.279887591137452985e-01 -1.544065228720185312e-01 -1.149744392615104603e-02 -8.861295910942257326e-02 -7.549754114994092213e-02 -1.775903329458890789e-01 -2.278497114581031768e-01 3.306560155522040856e-01 2.312264651636391499e-01 -2.538124333579888647e-01 -7.270366489034688073e-02 -8.467660012872114950e-02 -2.305287353147424112e-01 -7.841252875812912415e-02 9.010981147515393502e-03 -5.572704407858714015e-02 -1.362601734133197517e-01 -2.856806130584720882e-01 -2.896809348613366142e-01 -1.935237173514183229e-01 3.986736738840164773e-01 4.227440778666871624e-01 4.126180344088913876e-01 4.230918170814881862e-01 4.152499135454990609e-01
-3.405405361289757030e-03 2.263040136126814265e-03 1.623353236880529377e-02 -1.376732485909117065e-02 -1.656805575234628070e-02 -1.635817844569216473e-02 3.780195847962555724e-03 9.615666215982555942e-02 1.070518970489501953e+00 6.055093130709599675e-02 -1.069876475129921956e-01 -2.669033371137164920e-02 -2.914849896374674745e-02 -4.693027609605095185e-02 -5.114481294007742346e-02 -6.206878566248162643e-02 -8.348920346886676627e-03 -3.432800537458814000e-02 -3.009399187747956173e-02 -7.233735146636439961e-02 -8.853967541137933162e-02 1.160472987171112663e-01 8.040864460956187454e-02 -9.523423316058443611e-02 -2.753621445459217623e-02 -3.293768641751760456e-02 -8.721205848166684038e-02 -3.073782087227788437e-02 1.449872544573974401e-04 -2.403038125234147754e-02 -5.163159605815505898e-02 -1.105383533779694671e-01 -1.082285622856648810e-01 -7.364977131583749781e-02 1.378812253244445230e-01 1.409913359381754216e-01 1.396364017876869645e-01 1.419227781193264371e-01 1.400745730108260145e-01
-8.050191715857676900e-03 3.729766870034869914e-03 3.298015193778158077e-02 -2.341897457156991852e-02 -3.015072389134110242e-02 -2.859374549716140954e-02 5.535075405285492210e-03 1.725868087242197479e-01 6.055093130709599675e-02 1.148212075233459473e+00 -1.919901255751625957e-01 -3.818232263618985545e-02 -4.975467409655046774e-02 -8.002273633298431776e-02 -8.441656120018059539e-02 -1.040029409539773853e-01 -1.460435658639206227e-02 -6.109105430063111603e-02 -5.472960529317681677e-02 -1.263613431907474605e-01 -1.538935895188326686e-01 2.181251861173283679e-01 1.498572299977906086e-01 -1.724736373810049905e-01 -5.345992488664854519e-02 -6.300620911422560866e-02 -1.613513558947560489e-01 -5.654074078298959583e-02 2.659582381983602480e-03 -4.090718914203513717e-02 -9.478540521945033603e-02 -2.012821232504971025e-01 -2.008885151199316099e-01 -1.331628808801068320e-01 2.592844329065042697e-01 2.663575518006551235e-01 2.623933127443540680e-01 2.790266183802269095e-01 2.634831197586958718e-01
1.009204561930841142e-03 -2.264593474726467673e-02 -6.800950819396547886e-02 2.774077090697976006e-02 3.001888077744209807e-02 3.009543466201093295e-02 -2.606825155077761164e-02 -2.836073560772711111e-01 -1.069876475129921956e-01 -1.919901255751625957e-01 1.278799414634704590e+00 4.024488162337537533e-02 5.528538315554125393e-02 1.008584586723470511e-01 1.093029245636449182e-01 1.345151283369035722e-01 -3.633913866176237406e-03 7.417170284147125980e-02 6.196015092914573114e-02 1.632738128115964193e-01 2.021909311630051553e-01 -3.568911141583654412e-01 -2.615176307144023715e-01 2.342330254992747440e-01 5.726409928819127526e-02 6.808079563356740638e-02 2.194404802787677244e-01 6.640562710732846041e-02 -2.566129250379439036e-02 3.494499932757610255e-02 1.227486482478554464e-01 2.727260064744815304e-01 2.746062717937387543e-01 1.732666773133783589e-01 -4.287314723201506306e-01 -4.506390128336903445e-01 -4.452504358747754742e-01 -4.558511985955946422e-01 -4.489626660646871548e-01
-5.921842973560532616e-03 -1.141764518352369334e-02 -1.854529157681002183e-02 3.021114178346779710e-04 -2.240998975754315576e-03 -1.544430483977099131e-03 -1.162674856479524628e-02 -5.983532143663365666e-02 -2.669033371137164920e-02 -3.818232263618985545e-02 4.024488162337537533e-02 1.089383721351623535e+00 1.173195175988943351e-02 1.918774532965581564e-02 1.882879029440159141e-02 3.383498582506411917e-02 -7.134631890693893426e-03 7.954088945171034972e-03 5.656655799566046201e-03 1.871944073543962278e-02 2.323253078740838279e-02 -7.533224194532232854e-02 -5.714598607962459442e-02 3.453786016704930850e-02 2.941275742728215875e-03 3.918152034292418130e-03 3.052509364403319797e-02 3.595848932542074390e-03 -1.150762503182005923e-02 -2.046236900867306856e-03 1.554253707787389173e-02 3.505876354453847654e-02 3.865847905519639860e-02 2.088897215804843416e-02 -9.271284617823075114e-02 -1.055334407810683828e-01 -1.002747707154590245e-01 -1.089692191957810224e-01 -1.038967189916523426e-01
-3.307423593583394984e-03 -8.545100581406518334e-03 -1.806290810727082322e-02 4.102597214784200336e-03 1.295438167658391829e-03 9.883925357795555339e-04 -9.644395451892873866e-03 -6.975779531416605173e-02 -2.914849896374674745e-02 -4.975467409655046774e-02 5.528538315554125393e-02 1.173195175988943351e-02 1.066459059715270996e+00 2.396678240963103293e-02 2.344612105971604493e-02 3.265250664018597149e-02 -3.461724614947262607e-03 1.228013952495653205e-02 1.064143554846975516e-02 2.988029653893814822e-02 3.891380126031450393e-02 -8.792123304531176964e-02 -6.619325072525719666e-02 4.817027904390928233e-02 8.890715019248134759e-03 1.031488969396307347e-02 4.385888238945831463e-02 8.786888942289218518e-03 -5.909650599988232507e-03 6.342380072335099825e-04 2.522218881783076100e-02 5.436057890894419736e-02 5.766785756741049651e-02 3.117601085724440793e-02 -1.094973796481301803e-01 -1.206050194042324331e-01 -1.181460567741904472e-01 -1.259780915889376629e-01 -1.217248528472349017e-01
-4.979264709723009268e-03 -1.482117389302216141e-02 -3.043245336860356601e-02 7.383098993105253680e-03 8.277672307122410644e-03 7.765432203461061431e-03 -1.334993423604240170e-02 -1.173882065253936124e-01 -4.693027609605095185e-02 -8.002273633298431776e-02 1.008584586723470511e-01 1.918774532965581564e-02 2.396678240963103293e-02 1.089707255363464355e+00 4.425201772197193129e-02 5.809512441643211594e-02 -4.755572600467334286e-03 2.887945248184455374e-02 2.059164597362177218e-02 5.745452433213898286e-02 7.310935563779406843e-02 -1.455619872767792700e-01 -1.052708577487247998e-01 9.085541775535296849e-02 1.953509617462848708e-02 2.285802407337585510e-02 8.045807076781202882e-02 2.190686508775131769e-02 -1.450264402929606761e-02 9.521782219010864468e-03 4.572320015537795213e-02 9.990767679945437851e-02 1.059721223259142558e-01 6.494577681770588584e-02 -1.812825104946158006e-01 -1.961010671127078608e-01 -1.921986820491637937e-01 -1.993688221054552845e-01 -1.941585125262965672e-01
-5.170501671753873971e-03 -1.519903146943833369e-02 -3.453058057799637121e-02 8.778535238614422129e-03 6.630200928665430302e-03 8.447472474147703012e-03 -1.445736892537055444e-02 -1.279887591137452985e-01 -5.114481294007742346e-02 -8.441656120018059539e-02 1.093029245636449182e-01 1.882879029440159141e-02 2.344612105971604493e-02 4.425201772197193129e-02 1.105565309524536133e+00 6.378729401014399114e-02 -5.200870503765574193e-03 2.928474172618418525e-02 2.145783639506344820e-02 6.332112263570954802e-02 7.605653103716582264e-02 -1.604426530484817648e-01 -1.157756199508169909e-01 9.515139594000057710e-02 2.098488262000364896e-02 2.347269343594201793e-02 8.688497228652942994e-02 2.284661875846533824e-02 -1.590428668732769141e-02 1.003076245515172743e-02 4.814048150954361449e-02 1.087852482204781923e-01 1.130821119633817207e-01 6.983155181026118319e-02 -1.947928874362397922e-01 -2.092673821577122339e-01 -2.067107454539341693e-01 -2.113753410149758483e-01 -2.103340896100902024e-01
-2.992208241200252587e-03 -1.728838047004831874e-02 -4.035730999822288029e-02 1.149726381260746805e-02 1.066795914394434198e-02 1.063388672719282196e-02 -1.665223819595873164e-02 -1.544065228720185312e-01 -6.206878566248162643e-02 -1.040029409539773853e-01 1.345151283369035722e-01 3.383498582506411917e-02 3.265250664018597149e-02 5.809512441643211594e-02 6.378729401014399114e-02 1.115306258201599121e+00 -5.616695452313138007e-03 3.653688034937224716e-02 2.921919728196655311e-02 7.930322775477660624e-02 9.934292327883498253e-02 -1.954861294560090723e-01 -1.403805559024408900e-01 1.212101408728062102e-01 2.804331663180469059e-02 3.198810530158211624e-02 1.107878781784036593e-01 3.051145379547266431e-02 -1.750335161285674485e-02 1.634639977041527081e-02 6.084314301735814501e-02 1.373741156425010435e-01 1.440381216318767366e-01 8.774719833382964296e-02 -2.370220537026541396e-01 -2.538469251015840200e-01 -2.492916284425701900e-01 -2.576815424443569258e-01 -2.524198554768926073e-01
-1.129259854162063858e-03 -3.016021221653130118e-03 -5.365899069023112242e-03 -1.548397906915519647e-03 -1.228436750277374801e-03 -1.181753453939863793e-03 -9.100694577861884529e-03 -1.149744392615104603e-02 -8.348920346886676627e-03 -1.460435658639206227e-02 -3.633913866176237406e-03 -7.134631890693893426e-03 -3.461724614947262607e-03 -4.755572600467334286e-03 -5.200870503765574193e-03 -5.616695452313138007e-03 1.059278726577758789e+00 -5.384090536924477331e-03 -1.740995805005475430e-03 -2.868080694319699239e-03 -6.297261981453108198e-03 -1.538885519681607202e-02 -1.448465987958809202e-02 -3.472719983927867980e-03 5.463501026984911215e-04 -3.432925913370789023e-03 1.302475377352883303e-03 -5.966327266458775619e-03 -4.495786780705306841e-05 -7.434421972111218864e-03 5.863225278778241498e-04 -5.074086516640090305e-03 -3.772105044394986808e-03 -2.676448326775199022e-03 -2.112970516613673147e-02 -2.812612008109912493e-02 -2.538358556233849886e-02 -3.066609252973074087e-02 -2.656851316569965732e-02
-4.658873203667592347e-03 -1.121171817964044561e-02 -2.443216391112957436e-02 4.178918921738264056e-03 4.466827137827686367e-03 3.909826473358805204e-03 -9.676126392577881832e-03 -8.861295910942257326e-02 -3.432800537458814000e-02 -6.109105430063111603e-02 7.417170284147125980e-02 7.954088945171034972e-03 1.228013952495653205e-02 2.887945248184455374e-02 2.928474172618418525e-02 3.653688034937224716e-02 -5.384090536924477331e-03 1.068898200988769531e+00 1.364882140451340563e-02 4.363831459351975167e-02 5.248517290299804794e-02 -1.100363694272869647e-01 -7.886604715612721694e-02 6.673124237519331703e-02 1.450634949021863303e-02 1.712711318215002707e-02 5.792783270573769600e-02 1.854153921131881586e-02 -1.293860180707918223e-02 8.600333525254320877e-03 3.253735404799185105e-02 7.501021393886705968e-02 7.805630919731798567e-02 4.788788352177212465e-02 -1.384180987694642595e-01 -1.517031536680723547e-01 -1.481770708254483704e-01 -1.529655694950096678e-01 -1.491861569533433907e-01
-3.635071529560985259e-04 -4.562612364584633928e-03 -1.799550061358680397e-02 6.089901104906533108e-03 6.150342801101814708e-03 7.074989448348239021e-03 -1.075405154159181885e-02 -7.549754114994092213e-02 -3.009399187747956173e-02 -5.472960529317681677e-02 6.196015092914573114e-02 5.656655799566046201e-03 1.064143554846975516e-02 2.059164597362177218e-02 2.145783639506344820e-02 2.921919728196655311e-02 -1.740995805005475430e-03 1.364882140451340563e-02 1.058496594429016113e+00 3.887739956268431579e-02 4.603034252792960468e-02 -9.883193365097357741e-02 -7.094331766745756718e-02 5.566519759056109268e-02 1.498982865048126278e-02 1.768123249896734819e-02 5.267638594369890986e-02 1.335752714761385615e-02 -5.706118074334060215e-03 2.911214839209637622e-03 3.216056401955792732e-02 6.327971153014860795e-02 6.781695180641876541e-02 4.144004380361379636e-02 -1.149916007050844902e-01 -1.318363446316558052e-01 -1.284235532079422981e-01 -1.339773243052420348e-01 -1.280812924467584490e-01
-6.896268501413291199e-04 -1.620033331512185301e-02 -4.443507687246039950e-02 1.559742949455336647e-02 1.750072683319564559e-02 1.558707765625450339e-02 -1.302529645938799857e-02 -1.775903329458890789e-01 -7.233735146636439961e-02 -1.263613431907474605e-01 1.632738128115964193e-01 1.871944073543962278e-02 2.988029653893814822e-02 5.745452433213898286e-02 6.332112263570954802e-02 7.930322775477660624e-02 -2.868080694319699239e-03 4.363831459351975167e-02 3.887739956268431579e-02 1.112336039543151855e+00 1.231491607309247727e-01 -2.284551781443021623e-01 -1.654413142044744989e-01 1.452501957233840180e-01 3.396145555157971396e-02 4.290133875395048951e-02 1.344406964150200168e-01 4.060421564754421175e-02 -1.718073260883661024e-02 2.119392877770146302e-02 7.530408419467632397e-02 1.742624650579725487e-01 1.711930901240141800e-01 1.064055805779963726e-01 -2.785835991008732138e-01 -2.974762790463107986e-01 -2.924455876984851099e-01 -3.033372638111065389e-01 -2.968360654556632672e-01
-1.354997588917553541e-03 -2.240236307468227925e-02 -5.666768330755708738e-02 1.784745290931403008e-02 1.553399294165041557e-02 1.965088104040787348e-02 -2.550353930617861586e-02 -2.278497114581031768e-01 -8.853967541137933162e-02 -1.538935895188326686e-01 2.021909311630051553e-01 2.323253078740838279e-02 3.891380126031450393e-02 7.310935563779406843e-02 7.605653103716582264e-02 9.934292327883498253e-02 -6.297261981453108198e-03 5.248517290299804794e-02 4.603034252792960468e-02 1.231491607309247727e-01 1.116879224777221680e+00 -2.794572398439976735e-01 -2.027845703931758503e-01 1.807572994015427259e-01 4.366819467992622689e-02 5.114578105037415751e-02 2.620992173466152875e-01 4.654481810333233743e-02 -2.044681029420946858e-02 2.338001751304022088e-02 1.128624710017194777e-01 2.036146386682164411e-01 2.113212919424405090e-01 1.323207149787225811e-01 -3.398732060691059820e-01 -3.616341341581733038e-01 -3.558960468679455702e-01 -3.679467536334905531e-01 -3.575935569783191270e-01
-1.454883658658418302e-02 9.181728786827216340e-03 6.107358328690406374e-02 -4.620161174604470872e-02 -5.357953153668072038e-02 -5.330938373550686560e-02 1.169688871864823544e-02 3.306560155522040856e-01 1.160472987171112663e-01 2.181251861173283679e-01 -3.568911141583654412e-01 -7.533224194532232854e-02 -8.792123304531176964e-02 -1.455619872767792700e-01 -1.604426530484817648e-01 -1.954861294560090723e-01 -1.538885519681607202e-02 -1.100363694272869647e-01 -9.883193365097357741e-02 -2.284551781443021623e-01 -2.794572398439976735e-01 1.328024387359619141e+00 2.960377121737543527e-01 -3.126904100344857218e-01 -9.179873992564913099e-02 -1.096789341000566770e-01 -2.907662690560129382e-01 -9.900733422349448920e-02 1.170957921873949301e-02 -6.606752396710886821e-02 -1.719390303647419238e-01 -3.662958629119796861e-01 -3.758123421004601061e-01 -2.408968513751068574e-01 5.059894357402906495e-01 5.187299473588149468e-01 5.164819502214196278e-01 5.224182524663547600e-01 5.171079648610483748e-01
-1.254748055674297091e-02 2.660242094741525117e-03 4.050468790525547230e-02 -3.465088141564442309e-02 -4.116135186621646541e-02 -3.900057471229863293e-02 6.557164417698916996e-03 2.312264651636391499e-01 8.040864460956187454e-02 1.498572299977906086e-01 -2.615176307144023715e-01 -5.714598607962459442e-02 -6.619325072525719666e-02 -1.052708577487247998e-01 -1.157756199508169909e-01 -1.403805559024408900e-01 -1.448465987958809202e-02 -7.886604715612721694e-02 -7.094331766745756718e-02 -1.654413142044744989e-01 -2.027845703931758503e-01 2.960377121737543527e-01 1.185631155967712402e+00 -2.274526061228998863e-01 -6.495273370332657614e-02 -7.725896154936071070e-02 -2.104245366278902352e-01 -6.786971006522511674e-02 2.982777139583793567e-03 -4.673267277691856708e-02 -1.234619053851548076e-01 -2.613637537103389863e-01 -2.694069041123524078e-01 -1.731166877599638887e-01 3.551088306068145295e-01 3.574008655056147288e-01 3.614307559485499532e-01 3.580262797667649877e-01 3.589070349948607630e-01
-1.289021739929851768e-03 -2.218419304029260047e-02 -5.995494684849329153e-02 2.344243060825544275e-02 2.362146159438910376e-02 2.381989981484327820e-02 -2.357449135935293580e-02 -2.538124333579888647e-01 -9.523423316058443611e-02 -1.724736373810049905e-01 2.342330254992747440e-01 3.453786016704930850e-02 4.817027904390928233e-02 9.085541775535296849e-02 9.515139594000057710e-02 1.212101408728062102e-01 -3.472719983927867980e-03 6.673124237519331703e-02 5.566519759056109268e-02 1.452501957233840180e-01 1.807572994015427259e-01 -3.126904100344857218e-01 -2.274526061228998863e-01 1.207234263420104980e+00 5.233845541229190795e-02 6.459213888435269557e-02 1.957464835832508909e-01 5.917976817585805793e-02 -2.285158313801020219e-02 3.120374646677265273e-02 1.094492668178019407e-01 2.407729332571252878e-01 2.416471293503424655e-01 1.562462326250468325e-01 -3.819298986080825187e-01 -4.072354312158384393e-01 -3.979070205857772602e-01 -4.114760845236837272e-01 -4.031023056935091886e-01
4.327656181800756995e-04 -4.948857885010710632e-03 -1.846046560251582425e-02 5.874186993730847600e-03 6.801010951053543772e-03 6.654884457912267799e-03 -1.030006315981594860e-02 -7.270366489034688073e-02 -2.753621445459217623e-02 -5.345992488664854519e-02 5.726409928819127526e-02 2.941275742728215875e-03 8.890715019248134759e-03 1.953509617462848708e-02 2.098488262000364896e-02 2.804331663180469059e-02 5.463501026984911215e-04 1.450634949021863303e-02 1.498982865048126278e-02 3.396145555157971396e-02 4.366819467992622689e-02 -9.179873992564913099e-02 -6.495273370332657614e-02 5.233845541229190795e-02 1.058992505073547363e+00 1.663834131036205297e-02 5.074938491224868092e-02 1.322413899722385024e-02 -5.798075888289977789e-03 3.905804406597919529e-03 3.044221139506344750e-02 5.987283383444923918e-02 6.278148369732279577e-02 3.839923187577448660e-02 -1.090196810069067601e-01 -1.258901286370928130e-01 -1.218618367018568516e-01 -1.267663134840203154e-01 -1.214539920966177106e-01
-3.081762430536210025e-03 -1.091869595843219555e-02 -2.342264063265482588e-02 6.229487694042324178e-03 5.958524222419813235e-03 5.010320224619600228e-03 -1.241682975697879984e-02 -8.467660012872114950e-02 -3.293768641751760456e-02 -6.300620911422560866e-02 6.808079563356740638e-02 3.918152034292418130e-03 1.031488969396307347e-02 2.285802407337585510e-02 2.347269343594201793e-02 3.198810530158211624e-02 -3.432925913370789023e-03 1.712711318215002707e-02 1.768123249896734819e-02 4.290133875395048951e-02 5.114578105037415751e-02 -1.096789341000566770e-01 -7.725896154936071070e-02 6.459213888435269557e-02 1.663834131036205297e-02 1.049071550369262695e+00 6.098043831831586464e-02 1.674983722238499242e-02 -9.782231093481330922e-03 4.703489298403713999e-03 3.391632209945149440e-02 7.047884236222515253e-02 7.640532841903535655e-02 4.616291735309939470e-02 -1.329942495749320275e-01 -1.515649015139143851e-01 -1.466043043534644152e-01 -1.562612871153975513e-01 -1.479438087770530430e-01
3.176754031991767691e-03 -1.797547236277749483e-02 -5.368404242034178347e-02 2.287206542504394841e-02 2.332473015989279530e-02 2.565125492610541638e-02 -2.172607799456777525e-02 -2.305287353147424112e-01 -8.721205848166684038e-02 -1.613513558947560489e-01 2.194404802787677244e-01 3.052509364403319797e-02 4.385888238945831463e-02 8.045807076781202882e-02 8.688497228652942994e-02 1.107878781784036593e-01 1.302475377352883303e-03 5.792783270573769600e-02 5.267638594369890986e-02 1.344406964150200168e-01 2.620992173466152875e-01 -2.907662690560129382e-01 -2.104245366278902352e-01 1.957464835832508909e-01 5.074938491224868092e-02 6.098043831831586464e-02 1.138360738754272461e+00 5.287890486162476894e-02 -1.648141363315434177e-02 2.970617927541522110e-02 1.023278174561243342e-01 2.246750901768474751e-01 2.286048524990153819e-01 1.448002871009884673e-01 -3.453134756150277318e-01 -3.745211081065503711e-01 -3.665831740329103527e-01 -3.794523767783210544e-01 -3.683659979250920036e-01
-3.546702794566694659e-03 -1.042907323776908965e-02 -2.092242824876802340e-02 4.166352718753902652e-03 2.411475975705084599e-03 5.983054373727197429e-03 -1.147158074700291124e-02 -7.841252875812912415e-02 -3.073782087227788437e-02 -5.654074078298959583e-02 6.640562710732846041e-02 3.595848932542074390e-03 8.786888942289218518e-03 2.190686508775131769e-02 2.284661875846533824e-02 3.051145379547266431e-02 -5.966327266458775619e-03 1.854153921131881586e-02 1.335752714761385615e-02 4.060421564754421175e-02 4.654481810333233743e-02 -9.900733422349448920e-02 -6.786971006522511674e-02 5.917976817585805793e-02 1.322413899722385024e-02 1.674983722238499242e-02 5.287890486162476894e-02 1.061231613159179688e+00 -1.096209863197759871e-02 9.007072120764930689e-03 2.879545015177567904e-02 6.833393771433511621e-02 6.861129756198307283e-02 4.430575910053698163e-02 -1.210553407868320136e-01 -1.348774867676583444e-01 -1.322768423213994127e-01 -1.388024310525355076e-01 -1.346189337758522953e-01
-2.981001098092237508e-03 -1.375262473275652968e-03 1.181803876351151736e-03 -1.681632210320386069e-03 -4.961993509458362261e-03 -4.125194897863612882e-03 -6.207883449726708108e-03 9.010981147515393502e-03 1.449872544573974401e-04 2.659582381983602480e-03 -2.566129250379439036e-02 -1.150762503182005923e-02 -5.909650599988232507e-03 -1.450264402929606761e-02 -1.590428668732769141e-02 -1.750335161285674485e-02 -4.495786780705306841e-05 -1.293860180707918223e-02 -5.706118074334060215e-03 -1.718073260883661024e-02 -2.044681029420946858e-02 1.170957921873949301e-02 2.982777139583793567e-03 -2.285158313801020219e-02 -5.798075888289977789e-03 -9.782231093481330922e-03 -1.648141363315434177e-02 -1.096209863197759871e-02 1.059853672981262207e+00 -1.309473867325962326e-02 -7.131250071294944343e-03 -2.468366245581214355e-02 -2.460896223979596592e-02 -1.552152383112313967e-02 1.093735553392858814e-02 6.665829169958742244e-03 8.052194540938608508e-03 5.147248731850558555e-03 6.829991876879184381e-03
-5.534161704288383804e-03 -1.108472499813882746e-02 -1.940501104396211499e-02 -9.115526506034404147e-04 -3.770147482222793115e-03 -1.747729659402287280e-03 -9.009023350820356824e-03 -5.572704407858714015e-02 -2.403038125234147754e-02 -4.090718914203513717e-02 3.494499932757610255e-02 -2.046236900867306856e-03 6.342380072335099825e-04 9.521782219010864468e-03 1.003076245515172743e-02 1.634639977041527081e-02 -7.434421972111218864e-03 8.600333525254320877e-03 2.911214839209637622e-03 2.119392877770146302e-02 2.338001751304022088e-02 -6.606752396710886821e-02 -4.673267277691856708e-02 3.120374646677265273e-02 3.905804406597919529e-03 4.703489298403713999e-03 2.970617927541522110e-02 9.007072120764930689e-03 -1.309473867325962326e-02 1.085139989852905273e+00 1.529638096355942847e-02 3.572164142275290055e-02 3.749335831308056588e-02 2.274350187858426020e-02 -8.486949422916206798e-02 -9.641432959337566111e-02 -9.436393202274713510e-02 -1.009568156766025293e-01 -9.605928827532876635e-02
5.362168396894902389e-05 -9.929759095133572702e-03 -2.931135537843056194e-02 1.340445235426412744e-02 1.453336652175531499e-02 1.505865360022958475e-02 -1.410837735858685299e-02 -1.362601734133197517e-01 -5.163159605815505898e-02 -9.478540521945033603e-02 1.227486482478554464e-01 1.554253707787389173e-02 2.522218881783076100e-02 4.572320015537795213e-02 4.814048150954361449e-02 6.084314301735814501e-02 5.863225278778241498e-04 3.253735404799185105e-02 3.216056401955792732e-02 7.530408419467632397e-02 1.128624710017194777e-01 -1.719390303647419238e-01 -1.234619053851548076e-01 1.094492668178019407e-01 3.044221139506344750e-02 3.391632209945149440e-02 1.023278174561243342e-01 2.879545015177567904e-02 -7.131250071294944343e-03 1.529638096355942847e-02 1.070293784141540527e+00 1.269292712125724143e-01 1.295954319603077887e-01 8.354901429861384676e-02 -2.027151216126646116e-01 -2.257716064206876094e-01 -2.186635154801586933e-01 -2.290211999644576057e-01 -2.209336515739522278e-01
-2.945315633225184960e-03 -2.566940136562088567e-02 -7.125027617410015224e-02 2.471157442651847683e-02 2.720322203617160303e-02 2.779598508900010465e-02 -2.093470974102074056e-02 -2.856806130584720882e-01 -1.105383533779694671e-01 -2.012821232504971025e-01 2.727260064744815304e-01 3.505876354453847654e-02 5.436057890894419736e-02 9.990767679945437851e-02 1.087852482204781923e-01 1.373741156425010435e-01 -5.074086516640090305e-03 7.501021393886705968e-02 6.327971153014860795e-02 1.742624650579725487e-01 2.036146386682164411e-01 -3.662958629119796861e-01 -2.613637537103389863e-01 2.407729332571252878e-01 5.987283383444923918e-02 7.047884236222515253e-02 2.246750901768474751e-01 6.833393771433511621e-02 -2.468366245581214355e-02 3.572164142275290055e-02 1.269292712125724143e-01 1.302052021026611328e+00 2.826630808061401656e-01 1.810324078298959638e-01 -4.386134919453223424e-01 -4.577076288892517608e-01 -4.555465665555566424e-01 -4.617902025436835256e-01 -4.584010660320265718e-01
6.219991981382563774e-04 -2.575820672351850776e-02 -7.013781988165339321e-02 2.904750029418545418e-02 2.991217851233417616e-02 3.041763340109605168e-02 -2.517347373284118187e-02 -2.896809348613366142e-01 -1.082285622856648810e-01 -2.008885151199316099e-01 2.746062717937387543e-01 3.865847905519639860e-02 5.766785756741049651e-02 1.059721223259142558e-01 1.130821119633817207e-01 1.440381216318767366e-01 -3.772105044394986808e-03 7.805630919731798567e-02 6.781695180641876541e-02 1.711930901240141800e-01 2.113212919424405090e-01 -3.758123421004601061e-01 -2.694069041123524078e-01 2.416471293503424655e-01 6.278148369732279577e-02 7.640532841903535655e-02 2.286048524990153819e-01 6.861129756198307283e-02 -2.460896223979596592e-02 3.749335831308056588e-02 1.295954319603077887e-01 2.826630808061401656e-01 1.250113368034362793e+00 1.825546074245204264e-01 -4.458534259997502525e-01 -4.742034178346029583e-01 -4.669718590599513663e-01 -4.772989092323801086e-01 -4.697571048789156434e-01
-1.370630412599602773e-03 -1.678067040962622977e-02 -4.745219636458823664e-02 1.669447106956225071e-02 1.845142240168201955e-02 1.778683719716909681e-02 -2.071745340762816759e-02 -1.935237173514183229e-01 -7.364977131583749781e-02 -1.331628808801068320e-01 1.732666773133783589e-01 2.088897215804843416e-02 3.117601085724440793e-02 6.494577681770588584e-02 6.983155181026118319e-02 8.774719833382964296e-02 -2.676448326775199022e-03 4.788788352177212465e-02 4.144004380361379636e-02 1.064055805779963726e-01 1.323207149787225811e-01 -2.408968513751068574e-01 -1.731166877599638887e-01 1.562462326250468325e-01 3.839923187577448660e-02 4.616291735309939470e-02 1.448002871009884673e-01 4.430575910053698163e-02 -1.552152383112313967e-02 2.274350187858426020e-02 8.354901429861384676e-02 1.810324078298959638e-01 1.825546074245204264e-01 1.140014410018920898e+00 -2.930567729896926821e-01 -3.110012151660406787e-01 -3.071997387152861081e-01 -3.178789108654095363e-01 -3.092155995139335700e-01
-1.646104766945082065e-02 9.071033066745276888e-03 7.521006492492866846e-02 -5.586134499188288166e-02 -6.438786010701146034e-02 -6.234365769180891942e-02 1.199156291876398925e-02 3.986736738840164773e-01 1.378812253244445230e-01 2.592844329065042697e-01 -4.287314723201506306e-01 -9.271284617823075114e-02 -1.094973796481301803e-01 -1.812825104946158006e-01 -1.947928874362397922e-01 -2.370220537026541396e-01 -2.112970516613673147e-02 -1.384180987694642595e-01 -1.149916007050844902e-01 -2.785835991008732138e-01 -3.398732060691059820e-01 5.059894357402906495e-01 3.551088306068145295e-01 -3.819298986080825187e-01 -1.090196810069067601e-01 -1.329942495749320275e-01 -3.453134756150277318e-01 -1.210553407868320136e-01 1.093735553392858814e-02 -8.486949422916206798e-02 -2.027151216126646116e-01 -4.386134919453223424e-01 -4.458534259997502525e-01 -2.930567729896926821e-01 1.427836537361145020e+00 6.904978098193100822e-01 6.702774829252360345e-01 6.924291673470955866e-01 6.789986407431244375e-01
-2.446934047223369574e-02 2.430909711106881907e-03 7.298136245088904239e-02 -6.328225563395163678e-02 -7.559713643480850398e-02 -7.485781536680723158e-02 5.847930285251822478e-03 4.227440778666871624e-01 1.409913359381754216e-01 2.663575518006551235e-01 -4.506390128336903445e-01 -1.055334407810683828e-01 -1.206050194042324331e-01 -1.961010671127078608e-01 -2.092673821577122339e-01 -2.538469251015840200e-01 -2.812612008109912493e-02 -1.517031536680723547e-01 -1.318363446316558052e-01 -2.974762790463107986e-01 -3.616341341581733038e-01 5.187299473588149468e-01 3.574008655056147288e-01 -4.072354312158384393e-01 -1.258901286370928130e-01 -1.515649015139143851e-01 -3.745211081065503711e-01 -1.348774867676583444e-01 6.665829169958742244e-03 -9.641432959337566111e-02 -2.257716064206876094e-01 -4.577076288892517608e-01 -4.742034178346029583e-01 -3.110012151660406787e-01 6.904978098193100822e-01 1.565139651298522949e+00 7.281651953391418131e-01 7.399861672798532242e-01 7.299441768090604299e-01
-2.185039011092592895e-02 5.695636779425750085e-03 7.475635890865602040e-02 -6.020735721799021917e-02 -7.123710537122601716e-02 -7.084686686487161322e-02 9.332048548404914268e-03 4.126180344088913876e-01 1.396364017876869645e-01 2.623933127443540680e-01 -4.452504358747754742e-01 -1.002747707154590245e-01 -1.181460567741904472e-01 -1.921986820491637937e-01 -2.067107454539341693e-01 -2.492916284425701900e-01 -2.538358556233849886e-02 -1.481770708254483704e-01 -1.284235532079422981e-01 -2.924455876984851099e-01 -3.558960468679455702e-01 5.164819502214196278e-01 3.614307559485499532e-01 -3.979070205857772602e-01 -1.218618367018568516e-01 -1.466043043534644152e-01 -3.665831740329103527e-01 -1.322768423213994127e-01 8.052194540938608508e-03 -9.436393202274713510e-02 -2.186635154801586933e-01 -4.555465665555566424e-01 -4.669718590599513663e-01 -3.071997387152861081e-01 6.702774829252360345e-01 7.281651953391418131e-01 1.517346024513244629e+00 7.466979183677390219e-01 7.318314065186694028e-01
-2.596198456006666710e-02 2.146281296979616129e-03 7.410343230372426482e-02 -6.574897815582943228e-02 -7.881812194407354644e-02 -7.621449811961460152e-02 5.410349121586248075e-03 4.230918170814881862e-01 1.419227781193264371e-01 2.790266183802269095e-01 -4.558511985955946422e-01 -1.089692191957810224e-01 -1.259780915889376629e-01 -1.993688221054552845e-01 -2.113753410149758483e-01 -2.576815424443569258e-01 -3.066609252973074087e-02 -1.529655694950096678e-01 -1.339773243052420348e-01 -3.033372638111065389e-01 -3.679467536334905531e-01 5.224182524663547600e-01 3.580262797667649877e-01 -4.114760845236837272e-01 -1.267663134840203154e-01 -1.562612871153975513e-01 -3.794523767783210544e-01 -1.388024310525355076e-01 5.147248731850558555e-03 -1.009568156766025293e-01 -2.290211999644576057e-01 -4.617902025436835256e-01 -4.772989092323801086e-01 -3.178789108654095363e-01 6.924291673470955866e-01 7.399861672798532242e-01 7.466979183677390219e-01 1.575357913970947266e+00 7.544594912632923700e-01
-2.172343632926196713e-02 3.319688434714243661e-03 7.406620133332052214e-02 -6.197900656573904210e-02 -7.315938217452282177e-02 -7.242546451282888542e-02 7.987711078063610901e-03 4.152499135454990609e-01 1.400745730108260145e-01 2.634831197586958718e-01 -4.489626660646871548e-01 -1.038967189916523426e-01 -1.217248528472349017e-01 -1.941585125262965672e-01 -2.103340896100902024e-01 -2.524198554768926073e-01 -2.656851316569965732e-02 -1.491861569533433907e-01 -1.280812924467584490e-01 -2.968360654556632672e-01 -3.575935569783191270e-01 5.171079648610483748e-01 3.589070349948607630e-01 -4.031023056935091886e-01 -1.214539920966177106e-01 -1.479438087770530430e-01 -3.683659979250920036e-01 -1.346189337758522953e-01 6.829991876879184381e-03 -9.605928827532876635e-02 -2.209336515739522278e-01 -4.584010660320265718e-01 -4.697571048789156434e-01 -3.092155995139335700e-01 6.789986407431244375e-01 7.299441768090604299e-01 7.318314065186694028e-01 7.544594912632923700e-01 1.534103989601135254e+00
